EbeneNice;PosTyp;id_stu;FA_Nr;id_pos;ueb_s_nr;ds;pos_nr;verurs_art;menge;MengeTotal;t_tg_nr;oa;Bezeichnung;unipps_typ;besch_art;praeferenzkennung;sme;faktlme_sme;lme;bestell_id;bestell_datum;preis;basis;pme;bme;faktlme_bme;faktbme_pme;lieferant;kurzname;
1;KA_Pos;142567;;1;;;1;;1;1;FKGr0;0;FK Pumpe Gr0;FKGr0;2;0;1;1;1;
.2;FA_Komm;142567;616033;;;;1;1;1.;1;
..3;FA_Pos;616033;;1;0;1;10;;1;1;L0P0388-000-001;0;Vorlage Pumpenteile;FKPO 40-25-160;2;0;1;1;1;
...4;FA_Pos;616033;;2;1;3;20;;1;1;101C28351PEH019;1;Pumpengehäuse;40-25-160;2;0;1;1;1;
....5;FA_Serie;101C28351PEH019;619356;;;;1;0;1.;1;
.....6;FA_Pos;619356;;1;0;3;10;;1;1;101D28351PEHFT3;1;Pumpengehäuse;40-25-160;1;1;1;1;1;55634;2020;91;1;1;1;1;1;3140100;OTTEN;
...4;FA_Pos;616033;;3;1;3;30;;1;1;103K28352GGG019;1;Ringgehäuse;NE/FK 40-25-160;2;0;1;1;1;
....5;FA_Serie;103K28352GGG019;622332;;;;1;0;1.;1;
.....6;FA_Pos;622332;;1;0;3;10;;1;1;103L28352GGGFT3;1;Ringgehäuse;NE/FK 40-25-160;1;1;1;1;1;56065;2021;2,99;1;7;1;1;12,51;3090180;JÜRGENS;
...4;FA_Pos;616033;;4;1;3;40;;1;1;130L28356GGG019;1;Gehäuseteil;NE/FK 40-25-160;2;0;1;1;1;
....5;FA_Serie;130L28356GGG019;619657;;;;1;0;1.;1;
.....6;FA_Pos;619657;;1;0;3;10;;0,5;0,5;130A28356GGGFT3;1;Gehäuseteil;NE/FK 40-25-160;1;1;1;1;1;48107;2017;3,9;1;7;1;1;1,26;3090180;JÜRGENS;
...4;FA_Pos;616033;;5;1;3;50;;1;1;145K30485GGG019;1;Verbindungsstck;NE/FK-Grße 0;2;0;1;1;1;
....5;FA_Serie;145K30485GGG019;623870;;;;1;0;1.;1;
.....6;FA_Pos;623870;;1;0;3;10;;1;1;145L30485GGGFT3;1;Verbindungsstck;NE/FK-Grße 0;1;1;1;1;1;54632;2020;2,92;1;7;1;1;7,64;3090180;JÜRGENS;
...4;FA_Pos;616033;;6;1;3;60;;1;1;210G28283SCB019;1;Welle;FK_O 40-25-160;1;0;1;1;1;56408;2021;48;1;1;1;1;1;3060550;FEWES;
...4;FA_Pos;616033;;7;1;3;70;;1;1;233AAN150PER135;1;Linkslaufrad, halboffen;Ø150/135;2;0;1;1;1;
....5;FA_Serie;233AAN150PER135;620654;;;;1;1;1.;1;
.....6;FA_Pos;620654;;1;0;3;10;;1;1;233A28353PER003;1;Linkslaufrad, halboffen;25-160;2;0;1;1;1;
......7;FA_Serie;233A28353PER003;622326;;;;1;0;1.;1;
.......8;FA_Pos;622326;;1;0;3;10;;1;1;233H28353PERFT3;1;Linkslaufrad, halboffen;25-160;4;1;1;1;1;
........9;Teil;233H28353PERFT3;;;;;10;;1;1;544D28378NKM019;1;Gewindebuchse;NE/FK 40-25-160;1;0;1;1;1;51604;2019;3,84;1;1;1;1;1;3090460;JADATEC;
...4;FA_Pos;616033;;8;1;3;80;;2;2;321IA0550SKL003;1;Rillenkugellager;;1;1;1;1;1;58027;2021;8,92;1;1;1;1;1;3010380;A+R;
...4;FA_Pos;616033;;9;1;3;90;;1;1;340D28347GGG019;1;Lagerlaterne;FK Grße 0;2;0;1;1;1;
....5;FA_Serie;340D28347GGG019;620796;;;;1;0;1.;1;
.....6;FA_Pos;620796;;1;0;3;10;;1;1;340E28347GGGFT3;1;Lagerlaterne;FK Grße 0;1;1;1;1;1;53146;2019;3,43;1;7;1;1;20,66;3090180;JÜRGENS;
...4;FA_Pos;616033;;10;1;3;100;;1;1;360B28354GGB019;1;Lagerdeckel;FK-Grße 0;2;0;1;1;1;
....5;FA_Serie;360B28354GGB019;607986;;;;1;0;1.;1;
.....6;FA_Pos;607986;;1;0;3;10;;1;1;361H28355GGBFT3;1;Endlagerdeckel;FK-Grße 0;1;1;1;1;1;47152;2017;3,01;1;1;1;1;1;4160010;RADEMAKERS;
...4;FA_Pos;616033;;11;1;3;110;;1;1;361G28355GGB019;1;Endlagerdeckel;FK-Grße 0;2;0;1;1;1;
....5;FA_Serie;361G28355GGB019;607984;;;;1;0;1.;1;
.....6;FA_Pos;607984;;1;0;3;10;;1;1;361H28355GGBFT3;1;Endlagerdeckel;FK-Grße 0;1;1;1;1;1;47152;2017;3,01;1;1;1;1;1;4160010;RADEMAKERS;
...4;FA_Pos;616033;;12;1;3;120;;1;1;412IA3269EVW533;1;Runddichtring;Ø 32,69 x Ø5,33;1;1;1;1;1;54041;2020;40,9;1;30;1;1;0,01;3070360;GEHRCKENS;
...4;FA_Pos;616033;;13;1;3;130;;1;1;412HA4699EVW533;1;Runddichtring;Ø 46,99 x Ø5,33;1;1;1;1;1;56506;2021;81,58;1;30;1;1;0,01;3070360;GEHRCKENS;
...4;FA_Pos;616033;;14;1;3;140;;1;1;412DC0914EVW353;1;Runddichtring;Ø209,14 x Ø3,53;1;1;1;1;1;56989;2021;142,35;1;30;1;1;0,01;3070360;GEHRCKENS;
...4;FA_Pos;616033;;15;1;3;150;;1;1;412HA2029EVW262;1;Runddichtring;Ø 20,29 x Ø2,62;1;1;1;1;1;59215;2022;14,63;1;30;1;1;0,01;3070360;GEHRCKENS;
...4;FA_Pos;616033;;16;1;3;160;;1;1;412FA2824EVW262;1;Runddichtring;Ø 28,24 x Ø2,62;1;1;1;1;1;55332;2020;44,61;1;30;1;1;0,01;3070360;GEHRCKENS;
...4;FA_Pos;616033;;17;1;3;170;;1;1;412HA6634EVW262;1;Runddichtring;Ø 66,34 x Ø2,62;1;1;1;1;1;52975;2019;41,27;1;30;1;1;0,01;3070360;GEHRCKENS;
...4;FA_Pos;616033;;18;1;3;180;;1;1;412LA4412EVW262;1;Runddichtring;Ø 44,12 x Ø2,62;1;1;1;1;1;57453;2021;24,33;1;30;1;1;0,01;3070360;GEHRCKENS;
...4;FA_Pos;616033;;19;1;3;190;;1;1;420DA0055EKN000;1;V-Ring;;1;0;1;1;1;58294;2022;40;1;30;1;1;0,01;3120090;FREUDENBERG;
...4;FA_Pos;616033;;20;1;3;200;;1;1;420DA0055EKN000;1;V-Ring;;1;0;1;1;1;58294;2022;40;1;30;1;1;0,01;3120090;FREUDENBERG;
...4;FA_Pos;616033;;21;1;3;210;;1;1;443C28371PEH019;1;Dichtungseinsatz;NE/FK 40-25-160;2;0;1;1;1;
....5;FA_Serie;443C28371PEH019;614684;;;;1;0;1.;1;
.....6;FA_Pos;614684;;1;0;3;10;;1;1;EROØ235x55;1;Ronde, Dichtungseinsatz;NE 40-25-160;1;1;1;1;1;53987;2020;13,2;1;1;1;1;1;3140100;OTTEN;
...4;FA_Pos;616033;;22;1;1;220;;1;1;463C20152PPP039;1;Auffangschale;FK-Gr.0;2;0;1;1;1;
....5;FA_Pos;616033;;23;22;3;230;;1;1;463C20152PPPFT3;1;Auffangschale;FK/NK/NE-Grße 0/1;1;1;1;1;1;52193;2019;1,9;1;1;1;1;1;3060470;FORMZEUG;
...4;FA_Pos;616033;;24;1;3;240;;1;1;472H28278ISA019;1;Gleitring;NE/FK/SP Gr. 0;1;1;1;1;1;56731;2021;28,6;1;1;1;1;1;3050310;ESK / 3M;
...4;FA_Pos;616033;;25;1;3;250;;1;1;474F28281TKF019;1;Druckring;Grße 0;1;1;1;1;1;54043;2020;748,04;1;30;1;1;0,01;3120090;FREUDENBERG;
...4;FA_Pos;616033;;26;1;3;260;;1;1;475E30115ISA019;1;Gegenring;Ø50/20x10;1;1;1;1;1;58059;2021;13,38;1;1;1;1;1;3050310;ESK / 3M;
...4;FA_Pos;616033;;27;1;3;270;;1;1;477L30224BHF009;1;Feder fr GLRD;Grße 0;4;0;1;1;1;
....5;Teil;477L30224BHF009;;;;;5;;1;1;477C30224SKG010;1;Feder fr GLRD;Grße 0;1;1;1;1;1;47616;2017;1,85;1;1;1;1;1;3100570;KERPAL;
....5;Teil;477L30224BHF009;;;;;10;;0;0;477H30224SKG01A;1;Feder fr GLRD;Grße 0;4;0;1;1;1;
.....6;Teil;477H30224SKG01A;;;;;10;;1;0;477C30224SKG010;1;Feder fr GLRD;Grße 0;1;1;1;1;1;47616;2017;1,85;1;1;1;1;1;3100570;KERPAL;
...4;FA_Pos;616033;;28;1;3;280;;1;1;481K28279TVL029;1;PTFE-Faltenbalg;NE/FK/SP Gr. 0;1;1;1;1;1;57437;2021;34,2;1;1;1;1;1;3060580;FLUOR-TECH;
...4;FA_Pos;616033;;29;1;3;290;;1;1;482I28282DMP029;1;Faltenbalgträger;NE/FK Grße 0;2;0;1;1;1;
....5;FA_Serie;482I28282DMP029;618585;;;;1;0;1.;1;
.....6;FA_Pos;618585;;1;0;3;10;;1;1;482D28282DMPFT3;1;Faltenbalgträger;NE/FK Grße 0;1;1;1;1;1;49866;2018;4,94;1;1;1;1;1;4020020;B&P;
...4;FA_Pos;616033;;30;1;3;300;;1;1;506H28379SRB059;1;Haltering, Druckseite;NE/FK Grße 0;2;0;1;1;1;
....5;FA_Serie;506H28379SRB059;613858;;;;1;0;1.;1;
.....6;FA_Pos;613858;;1;0;3;10;;13,8;13,8;ERRØ108x175;1;nahtl. Siederohr;Ø 108 x 17,5 mm;1;0;2;1000;5;38424;2013;49;1;5;5;1;1;3200550;THYSSEN;
...4;FA_Pos;616033;;31;1;3;310;;1;1;506F28379SRB019;1;Haltering, Saugseite;NE/FK Grße 0;2;0;1;1;1;
....5;FA_Serie;506F28379SRB019;617553;;;;1;0;1.;1;
.....6;FA_Pos;617553;;1;0;3;10;;33,333;33,333;ERRØ95x222;1;nahtl. Siederohr;Ø 95 x 22,2 mm;1;0;2;1000;5;56181;2021;57,8;1;5;5;1;1;3200550;THYSSEN;
...4;FA_Pos;616033;;32;1;3;320;;1;1;507K28288SXK019;1;Spritzring;FK Grße 0;2;0;1;1;1;
....5;FA_Serie;507K28288SXK019;596483;;;;1;0;1.;1;
.....6;FA_Pos;596483;;1;0;3;10;;10,4;10,4;ESTØ65A;1;Rundstahl;Stahl;1;0;2;1000;5;55889;2021;4,18;1;7;5;1;26,05;3200550;THYSSEN;
...4;FA_Pos;616033;;33;1;3;330;;1;1;511C28393STA019;1;Zentrierring;FK 40-25-160;2;0;1;1;1;
....5;FA_Serie;511C28393STA019;612545;;;;1;0;1.;1;
.....6;FA_Pos;612545;;1;0;3;10;;1;1;ERIØ240/120x9;1;Ring;Ø240/120x9mm;1;1;1;1;1;44460;2016;4;1;1;1;1;1;3230820;WASSERMANN;
...4;FA_Pos;616033;;34;1;3;340;;1;1;524K28287CHS019;1;Wellenschutzhlse;FK_O 40-25-160;1;1;1;1;1;55097;2020;17,4;1;1;1;1;1;4050030;EUROCARBO;
...4;FA_Pos;616033;;35;1;3;350;;1;1;552EA0128SKF000;1;Tellerfeder;Ø40/20,4x1,5;1;0;1;1;1;54164;2020;12;1;30;1;1;0,01;3170170;SN;
...4;FA_Pos;616033;;36;1;3;360;;4;4;554GA0130SAA000;1;Unterlegscheibe;A13;1;0;1;1;1;57503;2021;2,77;1;30;1;1;0,01;3230430;WASI;
...4;FA_Pos;616033;;37;1;3;370;;4;4;554IA0170SAA000;1;Unterlegscheibe;A17;1;0;1;1;1;57946;2021;4,78;1;30;1;1;0,01;3230430;WASI;
...4;FA_Pos;616033;;38;1;3;380;;2;2;554CA0105SAA000;1;Unterlegscheibe;A10,5;1;0;1;1;1;
...4;FA_Pos;616033;;39;1;1;390;;1;1;683F31095PET019;1;Haube, rechts und links;FK-Gr.0;2;1;1;1;1;
....5;FA_Pos;616033;;40;39;3;400;;1;1;683G31095PETFT3;1;Haube;FK-Gr.0;1;0;1;1;1;47273;2017;5,39;1;1;1;1;1;3120460;META;
....5;FA_Pos;616033;;41;39;3;410;;2;2;554EA0084SAB000;1;Unterlegscheibe;A8,4;1;0;1;1;1;39975;2014;0,83;1;30;1;1;0,01;3230430;WASI;
....5;FA_Pos;616033;;42;39;3;420;;2;2;554AL0062PAM005;1;Unverlierbarkeitsscheibe, flach;;1;0;1;1;1;54719;2020;21;1;31;1;1;0,001;3020900;BÜLTE;
....5;FA_Pos;616033;;43;39;3;430;;2;2;901CB0008SAB012;1;Sechskantschraube;M8x12;1;0;1;1;1;54593;2020;5,49;1;30;1;1;0,01;3220150;VVE;
...4;FA_Pos;616033;;44;1;1;440;;1;1;683F31095PET019;1;Haube, rechts und links;FK-Gr.0;2;1;1;1;1;
....5;FA_Pos;616033;;45;44;3;450;;1;1;683G31095PETFT3;1;Haube;FK-Gr.0;1;0;1;1;1;47273;2017;5,39;1;1;1;1;1;3120460;META;
....5;FA_Pos;616033;;46;44;3;460;;2;2;554EA0084SAB000;1;Unterlegscheibe;A8,4;1;0;1;1;1;39975;2014;0,83;1;30;1;1;0,01;3230430;WASI;
....5;FA_Pos;616033;;47;44;3;470;;2;2;554AL0062PAM005;1;Unverlierbarkeitsscheibe, flach;;1;0;1;1;1;54719;2020;21;1;31;1;1;0,001;3020900;BÜLTE;
....5;FA_Pos;616033;;48;44;3;480;;2;2;901CB0008SAB012;1;Sechskantschraube;M8x12;1;0;1;1;1;54593;2020;5,49;1;30;1;1;0,01;3220150;VVE;
...4;FA_Pos;616033;;49;1;3;490;;1;1;739CB0012PVC000;1;Schlauchnippel;R1/2"x66;1;0;1;1;1;56636;2021;1,45;1;1;1;1;1;3100730;KRAUSE;
...4;FA_Pos;616033;;50;1;3;500;;1;1;864H28284PAG029;1;Kupplungshlse;FK 40-25-160;2;0;1;1;1;
....5;FA_Serie;864H28284PAG029;623397;;;;1;0;1.;1;
.....6;FA_Pos;623397;;1;0;3;10;;1;1;864B28284PAG02A;1;Kupplungshlse;FK 40-25-160;2;0;1;1;1;
......7;FA_Serie;864B28284PAG02A;620386;;;;1;0;1.;1;
.......8;FA_Pos;620386;;1;0;3;10;;71,429;71,429;ERMPA6GVØ60;1;Rundmaterial;Kunststoff;1;1;2;1000;5;57826;2021;63,8;1;5;5;1;1;3040660;DUEL;
...4;FA_Pos;616033;;51;1;3;510;;8;8;901KB0006SAA016;1;Sechskantschraube;M6x16;1;0;1;1;1;53041;2019;1,87;1;30;1;1;0,01;3160010;REYHER;
...4;FA_Pos;616033;;52;1;3;520;;1;1;901HB0006SAA010;1;Sechskantschraube;M6x10;1;0;1;1;1;48954;2018;1,47;1;30;1;1;0,01;3230430;WASI;
...4;FA_Pos;616033;;53;1;3;530;;4;4;901KB0010SAA025;1;Sechskantschraube;M10x25;1;0;1;1;1;58935;2022;15,61;1;30;1;1;0,01;3160010;REYHER;
...4;FA_Pos;616033;;54;1;3;540;;4;4;902CA0012SAA040;1;Stiftschraube;M12x40;1;0;1;1;1;57261;2021;29,13;1;30;1;1;0,01;3230430;WASI;
...4;FA_Pos;616033;;55;1;3;550;;4;4;902FA0016SAA075;1;Stiftschraube;M16x75;1;0;1;1;1;58454;2022;141,35;1;30;1;1;0,01;3170170;SN;
...4;FA_Pos;616033;;56;1;3;560;;6;6;902FA0012SAA035;1;Stiftschraube;M12x35;1;0;1;1;1;56860;2021;30,83;1;30;1;1;0,01;3130200;NORM;
...4;FA_Pos;616033;;57;1;3;570;;2;2;902HA0010SAA055;1;Stiftschraube;M10x55;1;0;1;1;1;52316;2019;34,38;1;30;1;1;0,01;3160010;REYHER;
...4;FA_Pos;616033;;58;1;3;580;;1;1;903FM0014PAM000;1;Dichtschraube;G 1/4;1;0;1;1;1;26757;2009;137;1;31;1;1;0,001;3150450;PÖPPELMANN;
...4;FA_Pos;616033;;59;1;3;590;;2;2;904CG0010SSF016;1;Gewindestift;M10x16;1;0;1;1;1;48741;2017;6,8;1;30;1;1;0,01;3080610;HILGENBERG;
...4;FA_Pos;616033;;60;1;3;600;;2;2;914KC0012SAA020;1;Zylinderschraube;M12x20;1;0;1;1;1;54318;2020;22;1;30;1;1;0,01;3170170;SN;
...4;FA_Pos;616033;;61;1;3;610;;1;1;916K21061PVC019;1;Stopfen;FK/NK/NE;1;1;1;1;1;56538;2021;1,71;1;1;1;1;1;3100090;KERREN;
...4;FA_Pos;616033;;62;1;3;620;;4;4;920CA0012SAA000;1;Sechskantmutter;M12;1;0;1;1;1;58564;2022;10,2;1;30;1;1;0,01;3230430;WASI;
...4;FA_Pos;616033;;63;1;3;630;;4;4;920AA0016SAA000;1;Sechskantmutter;M16;1;0;1;1;1;59065;2022;15,8;1;1;1;1;0,01;3160010;REYHER;
...4;FA_Pos;616033;;64;1;3;640;;6;6;920CA0012SAA000;1;Sechskantmutter;M12;1;0;1;1;1;58564;2022;10,2;1;30;1;1;0,01;3230430;WASI;
...4;FA_Pos;616033;;65;1;3;650;;2;2;920DA0010SAA000;1;Sechskantmutter;M10;1;0;1;1;1;53264;2019;4,06;1;30;1;1;0,01;3230430;WASI;
..3;FA_Pos;616033;;66;0;1;660;;1;1;G-900-006-A2;0;Vorlage Grundplattenteile;FM/FK 25-160 / 90L;2;0;1;1;1;
...4;FA_Pos;616033;;67;66;3;670;;4;4;554GA0130SAA000;1;Unterlegscheibe;A13;1;0;1;1;1;57503;2021;2,77;1;30;1;1;0,01;3230430;WASI;
...4;FA_Pos;616033;;68;66;3;680;;1;1;890K30011GGB019;1;Grundplatte;Grße 1;1;0;1;1;1;53021;2019;123,73;1;1;1;1;1;4170080;SAPAL;
...4;FA_Pos;616033;;69;66;3;690;;4;4;901IB0012SAA025;1;Sechskantschraube;M12x25;1;0;1;1;1;57837;2021;16,99;1;30;1;1;0,01;3160010;REYHER;
..3;FA_Pos;616033;;70;0;1;700;;1;1;V-N-03-02-01;0;Vorlage Verankerungsteile;Gampper D75;2;0;1;1;1;
...4;FA_Pos;616033;;71;70;3;710;;8;8;554IA0170SAA000;1;Unterlegscheibe;A17;1;0;1;1;1;57946;2021;4,78;1;30;1;1;0,01;3230430;WASI;
...4;FA_Pos;616033;;72;70;3;720;;4;4;909K31240SAA019;1;Stellschraube;M16x150;1;0;1;1;1;51404;2019;350;1;30;1;1;0,01;3070400;GAMPPER;
...4;FA_Pos;616033;;73;70;3;730;;8;8;920AA0016SAA000;1;Sechskantmutter;M16;1;0;1;1;1;59065;2022;15,8;1;1;1;1;0,01;3160010;REYHER;
...4;FA_Pos;616033;;74;70;3;740;;4;4;980GE0001SXB000;1;Nivellierelement;D75;1;0;1;1;1;54196;2020;6,82;1;1;1;1;1;3070400;GAMPPER;
..3;FA_Pos;616033;;75;0;3;750;;1;1;970H31036SXB069;1;Typenschild Pumpen;alle Typen;1;0;1;1;1;50229;2018;110,5;1;30;1;1;0,01;3150040;PINTER;
.2;FA_Komm;142567;616161;;;;1;2;1.;1;
..3;FA_Pos;616161;;1;0;3;10;;1;1;233A28353PER003;1;Linkslaufrad, halboffen;25-160;2;0;1;1;1;
...4;FA_Serie;233A28353PER003;622326;;;;1;0;1.;1;
....5;FA_Pos;622326;;1;0;3;10;;1;1;233H28353PERFT3;1;Linkslaufrad, halboffen;25-160;4;1;1;1;1;
.....6;Teil;233H28353PERFT3;;;;;10;;1;1;544D28378NKM019;1;Gewindebuchse;NE/FK 40-25-160;1;0;1;1;1;51604;2019;3,84;1;1;1;1;1;3090460;JADATEC;
.2;FA_Komm;142567;616162;;;;1;2;1.;1;
..3;FA_Pos;616162;;1;0;3;10;;1;1;864B28284PAG02A;1;Kupplungshlse;FK 40-25-160;2;0;1;1;1;
...4;FA_Serie;864B28284PAG02A;620386;;;;1;0;1.;1;
....5;FA_Pos;620386;;1;0;3;10;;71,429;71,429;ERMPA6GVØ60;1;Rundmaterial;Kunststoff;1;1;2;1000;5;57826;2021;63,8;1;5;5;1;1;3040660;DUEL;
1;KA_Pos;142567;;2;;;2;;1;1;NEGrI;0;NE Pumpe GrI;NEGrI;2;0;1;1;1;
.2;FA_Komm;142567;616034;;;;2;1;1.;1;
..3;FA_Pos;616034;;1;0;1;10;;1;1;X1P0784-055-G99;0;Vorlage Pumpenteile;NEPO 50-32-200;2;0;1;1;1;
...4;FA_Pos;616034;;2;1;3;20;;1;1;R_A01LA0000000T;1;Vorlage Reihen Baugruppe A T;NE_Lagerung_Gr1;2;0;1;1;1;
....5;FA_Serie;R_A01LA0000000T;623344;;;;1;0;1.;1;
.....6;FA_Pos;623344;;1;0;3;10;;1;1;210E22335SCB099;1;Welle;NE-Grße 1;2;0;1;1;1;
......7;FA_Serie;210E22335SCB099;620775;;;;1;0;1.;1;
.......8;FA_Pos;620775;;1;0;3;10;;1;1;ESTØ45M0405;1;Rundstahl gesägt;Stahl;2;0;1;1;1;
........9;FA_Serie;ESTØ45M0405;618042;;;;1;0;1.;1;
.........10;FA_Pos;618042;;1;0;3;10;;428,5714;428,5714;ESTØ45D;1;Rundstahl;Stahl;1;0;2;1000;5;58491;2022;2200;1;18;5;1;0,01248;3020210;BRÜCK;
.....6;FA_Pos;623344;;2;0;3;20;;2;2;321FA0350SKL003;1;Rillenkugellager;;1;1;1;1;1;58544;2022;5,38;1;1;1;1;1;3010380;A+R;
.....6;FA_Pos;623344;;3;0;3;30;;1;1;350L31007GGB219;1;Lagergehäuse;NE-Grße 1;2;0;1;1;1;
......7;FA_Serie;350L31007GGB219;620469;;;;1;0;1.;1;
.......8;FA_Pos;620469;;1;0;3;10;;1;1;350G31007GGBFT3;1;Lagergehäuse;NE-Grße 1;1;1;1;1;1;57645;2021;51,62;1;1;1;1;1;4160040;RADEM2;
.....6;FA_Pos;623344;;4;0;3;40;;1;1;360A31008GGB019;1;Lagerdeckel;NE-Grße 1;2;0;1;1;1;
......7;FA_Serie;360A31008GGB019;620038;;;;1;0;1.;1;
.......8;FA_Pos;620038;;1;0;3;10;;1;1;360B31008GGBFT3;1;Lagerdeckel;NE-Grße 1;1;1;1;1;1;54138;2020;4,35;1;1;1;1;1;4160010;RADEMAKERS;
.....6;FA_Pos;623344;;5;0;3;50;;1;1;361F31009GGB019;1;Endlagerdeckel;NE-Grße 1;2;0;1;1;1;
......7;FA_Serie;361F31009GGB019;619385;;;;1;0;1.;1;
.......8;FA_Pos;619385;;1;0;3;10;;1;1;361G31009GGBFT3;1;Endlagerdeckel;NE-Grße 1;1;1;1;1;1;54795;2020;4,31;1;1;1;1;1;4160010;RADEMAKERS;
.....6;FA_Pos;623344;;6;0;3;60;;2;2;412BA8222EVW262;1;Runddichtring;Ø 82,22 x Ø2,62;1;1;1;1;1;58528;2022;63,06;1;30;1;1;0,01;3070360;GEHRCKENS;
.....6;FA_Pos;623344;;7;0;3;70;;1;1;420AB0035EKN000;1;V-Ring;;1;1;1;1;1;57683;2021;16,85;1;30;1;1;0,01;3170610;SIPS;
.....6;FA_Pos;623344;;8;0;3;80;;1;1;420IB0030EKN000;1;V-Ring;;1;1;1;1;1;57673;2021;19,82;1;30;1;1;0,01;3120090;FREUDENBERG;
.....6;FA_Pos;623344;;9;0;3;90;;8;8;901BB0008SAA020;1;Sechskantschraube;M8x20;1;0;1;1;1;56738;2021;5,17;1;30;1;1;0,01;3160010;REYHER;
.....6;FA_Pos;623344;;10;0;3;100;;1;1;921IA0035SKH007;1;Wellenmutter;M35x1,5;1;1;1;1;1;58451;2022;2,8;1;1;1;1;1;3010380;A+R;
.....6;FA_Pos;623344;;11;0;3;110;;1;1;931GA0350SKH007;1;Sicherungsblech;Ø35;1;1;1;1;1;58158;2022;0,31;1;1;1;1;1;3010380;A+R;
.....6;FA_Pos;623344;;12;0;3;120;;1;1;932HB0800SKF250;1;Sicherungsring;Ø80x2,5;1;1;1;1;1;56542;2021;26,5;1;30;1;1;0,01;3170170;SN;
.....6;FA_Pos;623344;;13;0;3;130;;1;1;940GA0807SKK040;1;Paßfeder;8x7x40;1;0;1;1;1;55024;2020;10,5;1;30;1;1;0,01;3170170;SN;
...4;FA_Pos;616034;;3;1;3;30;;1;1;101G27842PEH019;1;Pumpengehäuse;NE 50-32-200;2;0;1;1;1;
....5;FA_Serie;101G27842PEH019;622391;;;;1;0;1.;1;
.....6;FA_Pos;622391;;1;0;3;10;;1;1;101H27842PEHFT3;1;Pumpengehäuse;NE 50-32-200;1;1;1;1;1;56980;2021;126;1;1;1;1;1;3140100;OTTEN;
...4;FA_Pos;616034;;4;1;3;40;;1;1;103A27836GGG019;1;Ringgehäuse;NE 50-32-200;2;0;1;1;1;
....5;FA_Serie;103A27836GGG019;617295;;;;1;0;1.;1;
.....6;FA_Pos;617295;;1;0;3;10;;1;1;103B27836GGGFT3;1;Ringgehäuse;NE 50-32-200;1;1;1;1;1;57929;2021;98,68;1;1;1;1;1;3050210;EICKHOFF;
...4;FA_Pos;616034;;5;1;3;50;;1;1;130E27915GGG019;1;Gehäuseteil;NE 02/03/04;2;0;1;1;1;
....5;FA_Serie;130E27915GGG019;617684;;;;1;0;1.;1;
.....6;FA_Pos;617684;;1;0;3;10;;0,5;0,5;130F27915GGGFT3;1;Gehäuseteil;NE 02/03/04;1;1;1;1;1;52705;2019;11,37;1;1;1;1;1;3050210;EICKHOFF;
...4;FA_Pos;616034;;6;1;3;60;;1;1;145F28118GGG019;1;Verbindungsstck;NE 50-32-200;2;0;1;1;1;
....5;FA_Serie;145F28118GGG019;624871;;;;1;0;1.;1;
.....6;FA_Pos;624871;;1;0;3;10;;1;1;145G28118GGGFT3;1;Verbindungsstck;NE 50-32-200;1;1;1;1;1;57483;2021;65,88;1;1;1;1;1;3050210;EICKHOFF;
...4;FA_Pos;616034;;7;1;3;70;;1;1;183F30136STA029;1;Sttzfuß;03/07/12;1;1;1;1;1;56983;2021;10;1;1;1;1;1;3120880;MHM;
...4;FA_Pos;616034;;8;1;3;80;;1;1;233AEN165PER149;1;Linkslaufrad, halboffen;32-200;2;0;1;1;1;
....5;FA_Serie;233AEN165PER149;616163;;;;1;2;1.;1;
.....6;FA_Pos;616163;;1;0;3;10;;1;1;233H23538PERN03;1;Linkslaufrad, halboffen;32+40+50-200;2;0;1;1;1;
......7;FA_Serie;233H23538PERN03;617271;;;;1;0;1.;1;
.......8;FA_Pos;617271;;1;0;3;10;;1;1;233D23538PERF03;1;Linkslaufrad, halboffen;32+40+50-200;4;1;1;1;1;
........9;Teil;233D23538PERF03;;;;;10;;1;1;544C30439NKM019;1;Gewindebuchse;Grße 1;1;0;1;1;1;53670;2019;8,89;1;1;1;1;1;3170610;SIPS;
...4;FA_Pos;616034;;9;1;3;90;;1;1;400CB0000EXE011;1;Flachdichtung;Ø11x1;1;0;1;1;1;39790;2014;69;1;30;1;1;0,01;3230010;WOLTERHOFF;
...4;FA_Pos;616034;;10;1;3;100;;1;1;412LA5334EXE533;1;Runddichtring;Ø 53,34 x Ø5,33;1;1;1;1;1;37522;2013;85,61;1;30;1;1;0,01;3070360;GEHRCKENS;
...4;FA_Pos;616034;;11;1;3;110;;1;1;412BA6287EXE533;1;Runddichtring;Ø 62,87 x Ø5,33;1;1;1;1;1;43834;2015;82,34;1;30;1;1;0,01;3070360;GEHRCKENS;
...4;FA_Pos;616034;;12;1;3;120;;1;1;412LC4300EXE400;1;Runddichtring;Ø243,00 x Ø4,00;1;1;1;1;1;52932;2019;304,4;1;30;1;1;0,01;3070360;GEHRCKENS;
...4;FA_Pos;616034;;13;1;3;130;;1;1;412GA2189EXE262;1;Runddichtring;Ø 21,89 x Ø2,62;1;0;1;1;1;33163;2011;47,24;1;30;1;1;0,01;3070360;GEHRCKENS;
...4;FA_Pos;616034;;14;1;3;140;;1;1;412IA3600EXE300;1;Runddichtring;Ø 36,00 x Ø3,00;1;1;1;1;1;46687;2017;13,05;1;30;1;1;0,01;3070360;GEHRCKENS;
...4;FA_Pos;616034;;15;1;3;150;;1;1;412FA1000EXE300;1;Runddichtring;Ø 10,00 x Ø3,00;1;1;1;1;1;53155;2019;133,09;1;30;1;1;0,01;3070360;GEHRCKENS;
...4;FA_Pos;616034;;16;1;3;160;;1;1;421DF0350TKF002;1;Radial-Dichtring;;1;1;1;1;1;54782;2020;5113,49;1;30;1;1;0,01;3120090;FREUDENBERG;
...4;FA_Pos;616034;;17;1;3;170;;1;1;443G28119PEH079;1;Dichtungseinsatz;NE 32-200;2;0;1;1;1;
....5;FA_Serie;443G28119PEH079;624375;;;;1;0;1.;1;
.....6;FA_Pos;624375;;1;0;3;10;;1;1;EROØ270x80;1;Ronde, Dichtungseinsatz;NE 50-32-200;1;1;1;1;1;56093;2021;22,6;1;1;1;1;1;3140100;OTTEN;
...4;FA_Pos;616034;;18;1;1;180;;1;1;463I20152PPP049;1;Auffangschale;NE-Gr.0 + NK/NE-Gr.1;2;0;1;1;1;
....5;FA_Pos;616034;;19;18;3;190;;1;1;463C20152PPPFT3;1;Auffangschale;FK/NK/NE-Grße 0/1;1;1;1;1;1;52193;2019;1,9;1;1;1;1;1;3060470;FORMZEUG;
...4;FA_Pos;616034;;20;1;3;200;;1;1;472I30140ISA019;1;Gleitring;Grße 1;1;1;1;1;1;58376;2022;13,9;1;1;1;1;1;4030070;CERAMTEC;
...4;FA_Pos;616034;;21;1;3;210;;1;1;475D30139ISA019;1;Gegenring;Grße 1;1;1;1;1;1;58236;2022;9,83;1;1;1;1;1;3050310;ESK / 3M;
...4;FA_Pos;616034;;22;1;3;220;;1;1;481G18432EXE019;1;Elastomer-Faltenbalg;NE/NK-Grße 1;1;1;1;1;1;55240;2020;281,33;1;30;1;1;0,01;3050330;ERSO;
...4;FA_Pos;616034;;23;1;3;230;;1;1;482E30514PPP019;1;Faltenbalgträger;NE Grße 1;2;0;1;1;1;
....5;FA_Serie;482E30514PPP019;610179;;;;1;0;1.;1;
.....6;FA_Pos;610179;;1;0;3;10;;73,1707;73,1707;ERMPPØ140;1;Rundmaterial;Kunststoff;1;1;2;1000;5;54798;2020;5,16;1;7;1;0,5;29,28;3040660;DUEL;
...4;FA_Pos;616034;;24;1;3;240;;1;1;501E22339SCA019;1;Ring, zweiteilig;NE/NK-Grße 1;2;0;1;1;1;
....5;FA_Serie;501E22339SCA019;622313;;;;1;0;1.;1;
.....6;FA_Pos;622313;;1;0;3;10;;12,5;12,5;ESTØ30B;1;Rundstahl;Stahl;1;0;2;1000;5;54563;2020;1980;1;18;5;1;0,00555;3080380;HAKEN;
...4;FA_Pos;616034;;25;1;3;250;;1;1;505E24968SXK039;1;Schulterring;NE - Grße 1;2;0;1;1;1;
....5;FA_Serie;505E24968SXK039;622334;;;;1;0;1.;1;
.....6;FA_Pos;622334;;1;0;3;10;;10,1;10,1;ESTØ60;1;Rundstahl;Stahl;1;0;2;1000;5;55470;2020;5,11;1;7;5;1;22,33333;3200550;THYSSEN;
...4;FA_Pos;616034;;26;1;1;260;;1;1;506E28232PAG019;1;Haltering, Druckseite;NE/NK-Grße 1+2;2;0;1;1;1;
....5;FA_Pos;616034;;27;26;3;270;;4;4;506F28232PAGFT3;1;Haltesegment;NE/NK-Grße 1+2;1;0;1;1;1;29627;2010;17,5;1;30;1;1;0,01;3140160;OMEGA;
...4;FA_Pos;616034;;28;1;3;280;;1;1;506C30146SRB019;1;Haltering, Saugseite;NE/NK-02/03/04;2;0;1;1;1;
....5;FA_Serie;506C30146SRB019;620027;;;;1;0;1.;1;
.....6;FA_Pos;620027;;1;0;3;10;;26;26;ERRØ108x16;1;nahtl. Siederohr;Ø 108 x 16 mm;1;0;2;1000;5;55931;2021;47;1;5;5;1;1;3200550;THYSSEN;
...4;FA_Pos;616034;;29;1;3;290;;1;1;507K24969SXK039;1;Spritzring;NE/NK/SP/WK, Gr. 1;2;0;1;1;1;
....5;FA_Serie;507K24969SXK039;618933;;;;1;0;1.;1;
.....6;FA_Pos;618933;;1;0;3;10;;15,15;15,15;ESTØ65A;1;Rundstahl;Stahl;1;0;2;1000;5;55889;2021;4,18;1;7;5;1;26,05;3200550;THYSSEN;
...4;FA_Pos;616034;;30;1;3;300;;1;1;511I28122GGG019;1;Zentrierring;Ø210/150x47;2;0;1;1;1;
....5;FA_Serie;511I28122GGG019;622653;;;;1;0;1.;1;
.....6;FA_Pos;622653;;1;0;3;10;;1;1;511K28122GGGFT3;1;Zentrierring;NE, Grße 1;1;1;1;1;1;54074;2020;3,13;1;7;1;1;3,25;3090180;JÜRGENS;
...4;FA_Pos;616034;;31;1;3;310;;1;1;524I28212IAA129;1;Wellenschutzhlse;NE-Grße 1;1;1;1;1;1;56264;2021;138,7;1;1;1;1;1;3020720;BARAT;
...4;FA_Pos;616034;;32;1;3;320;;1;1;550K22785SCA029;1;Scheibe;NE/NK, Grße 1;2;0;1;1;1;
....5;FA_Serie;550K22785SCA029;600793;;;;1;0;1.;1;
.....6;FA_Pos;600793;;1;0;3;10;;12,75;12,75;ESTØ105A;1;Rundstahl;Stahl;1;0;2;1000;5;56892;2021;1900;1;18;5;1;0,06797;3020210;BRÜCK;
.....6;FA_Pos;600793;;2;0;3;20;;0;0;ESTØ105;1;Rundstahl;Stahl;1;0;2;1000;5;5394;2002;0,61;1;7;5;1;67,98;3200550;THYSSEN;
...4;FA_Pos;616034;;33;1;3;330;;1;1;552EA0150SKF000;1;Tellerfeder;Ø56/28,5x2;1;0;1;1;1;57579;2021;52,75;1;30;1;1;0,01;3170170;SN;
...4;FA_Pos;616034;;34;1;3;340;;4;4;554IA0170SAA000;1;Unterlegscheibe;A17;1;0;1;1;1;57946;2021;4,78;1;30;1;1;0,01;3230430;WASI;
...4;FA_Pos;616034;;35;1;3;350;;4;4;554IA0170SAA000;1;Unterlegscheibe;A17;1;0;1;1;1;57946;2021;4,78;1;30;1;1;0,01;3230430;WASI;
...4;FA_Pos;616034;;36;1;3;360;;2;2;554GA0130SAA000;1;Unterlegscheibe;A13;1;0;1;1;1;57503;2021;2,77;1;30;1;1;0,01;3230430;WASI;
...4;FA_Pos;616034;;37;1;3;370;;1;1;580IA0014PVC001;1;Kappe;R1/4";1;0;1;1;1;55085;2020;4,31;1;1;1;1;1;3120060;SPAETER;
...4;FA_Pos;616034;;38;1;1;380;;1;1;683B30881PET049;1;Haube, rechts;NE-Grße 1;2;0;1;1;1;
....5;FA_Pos;616034;;39;38;1;390;;1;1;683F30881PET019;1;Haube, rechts;NE-Grße 1;2;1;1;1;1;
.....6;FA_Pos;616034;;40;39;3;400;;1;1;683L30881PETF13;1;Haube, rechts;NE-Grße 1;1;0;1;1;1;54135;2020;8,89;1;1;1;1;1;3120460;META;
.....6;FA_Pos;616034;;41;39;3;410;;1;1;554AL0062PAM005;1;Unverlierbarkeitsscheibe, flach;;1;0;1;1;1;54719;2020;21;1;31;1;1;0,001;3020900;BÜLTE;
.....6;FA_Pos;616034;;42;39;3;420;;1;1;901HB0008SAB016;1;Sechskantschraube;M8x16;1;0;1;1;1;57012;2021;5,05;1;30;1;1;0,01;3230430;WASI;
...4;FA_Pos;616034;;43;1;1;430;;1;1;683I30881PET129;1;Haube, links;NE-Grße 1;2;0;1;1;1;
....5;FA_Pos;616034;;44;43;1;440;;1;1;683C30881PET119;1;Haube, links;NE-Grße 1;2;1;1;1;1;
.....6;FA_Pos;616034;;45;44;3;450;;1;1;683F30881PETF23;1;Haube, links;NE-Grße 1;1;0;1;1;1;
.....6;FA_Pos;616034;;46;44;3;460;;1;1;554AL0062PAM005;1;Unverlierbarkeitsscheibe, flach;;1;0;1;1;1;54719;2020;21;1;31;1;1;0,001;3020900;BÜLTE;
.....6;FA_Pos;616034;;47;44;3;470;;1;1;901HB0008SAB016;1;Sechskantschraube;M8x16;1;0;1;1;1;57012;2021;5,05;1;30;1;1;0,01;3230430;WASI;
...4;FA_Pos;616034;;48;1;3;480;;1;1;710AC0150SXK003;1;Rohr;Ø12x1x150;1;0;1;1;1;53444;2019;4,29;1;1;1;1;1;3160440;RRG;
...4;FA_Pos;616034;;49;1;3;490;;1;1;731IA0014SXK012;1;Ermeto-Verschraubung;12-G1/4A;1;0;1;1;1;56103;2021;5,39;1;1;1;1;1;3100730;KRAUSE;
...4;FA_Pos;616034;;50;1;3;500;;1;1;739CB0012PVC000;1;Schlauchnippel;R1/2"x66;1;0;1;1;1;56636;2021;1,45;1;1;1;1;1;3100730;KRAUSE;
...4;FA_Pos;616034;;51;1;3;510;;1;1;739L21062PPP209;1;Schlauchnippel;Grße 0-4;2;0;1;1;1;
....5;FA_Serie;739L21062PPP209;619354;;;;1;0;1.;1;
.....6;FA_Pos;619354;;1;0;3;10;;120;120;ERMPPØ20;1;Rundmaterial;Kunststoff;1;1;2;1000;5;58362;2022;5,93;1;7;1;0,5;0,6;3040660;DUEL;
...4;FA_Pos;616034;;52;1;3;520;;1;1;739C21062PPP059;1;Schlauchnippel;NE-Grße 1-3;2;0;1;1;1;
....5;FA_Serie;739C21062PPP059;623883;;;;1;0;1.;1;
.....6;FA_Pos;623883;;1;0;3;10;;142,857;142,857;ERMPPØ20;1;Rundmaterial;Kunststoff;1;1;2;1000;5;58362;2022;5,93;1;7;1;0,5;0,6;3040660;DUEL;
...4;FA_Pos;616034;;53;1;3;530;;1;1;790HA0005PPP000;1;Durchflußkonstanthalter;0,5 l/min. - yellow;1;1;1;1;1;53567;2019;101,04;1;30;1;1;0,01;3230740;NEOPERL;
...4;FA_Pos;616034;;54;1;3;540;;1;1;901DB0012SAA035;1;Sechskantschraube;M12x35;1;0;1;1;1;
...4;FA_Pos;616034;;55;1;3;550;;4;4;902KA0016SAA045;1;Stiftschraube;M16x45;1;0;1;1;1;56410;2021;64,38;1;30;1;1;0,01;3130200;NORM;
...4;FA_Pos;616034;;56;1;3;560;;4;4;902HA0016SAA070;1;Stiftschraube;M16x70;1;0;1;1;1;58122;2022;121,53;1;30;1;1;0,01;3160010;REYHER;
...4;FA_Pos;616034;;57;1;3;570;;6;6;902HA0012SAA030;1;Stiftschraube;M12x30;1;0;1;1;1;56703;2021;22,79;1;30;1;1;0,01;3230430;WASI;
...4;FA_Pos;616034;;58;1;3;580;;6;6;902HA0012SAA030;1;Stiftschraube;M12x30;1;0;1;1;1;56703;2021;22,79;1;30;1;1;0,01;3230430;WASI;
...4;FA_Pos;616034;;59;1;3;590;;2;2;904HC0012SAA045;1;Gewindestift;M12x45;1;0;1;1;1;54311;2020;85,4;1;30;1;1;0,01;3040790;DSK;
...4;FA_Pos;616034;;60;1;3;600;;2;2;914CC0016SAA030;1;Zylinderschraube;M16x30;1;0;1;1;1;56586;2021;48,56;1;30;1;1;0,01;3230430;WASI;
...4;FA_Pos;616034;;61;1;3;610;;1;1;916K21061PVC019;1;Stopfen;FK/NK/NE;1;1;1;1;1;56538;2021;1,71;1;1;1;1;1;3100090;KERREN;
...4;FA_Pos;616034;;62;1;3;620;;4;4;920AA0016SAA000;1;Sechskantmutter;M16;1;0;1;1;1;59065;2022;15,8;1;1;1;1;0,01;3160010;REYHER;
...4;FA_Pos;616034;;63;1;3;630;;4;4;920AA0016SAA000;1;Sechskantmutter;M16;1;0;1;1;1;59065;2022;15,8;1;1;1;1;0,01;3160010;REYHER;
...4;FA_Pos;616034;;64;1;3;640;;6;6;920CA0012SAA000;1;Sechskantmutter;M12;1;0;1;1;1;58564;2022;10,2;1;30;1;1;0,01;3230430;WASI;
...4;FA_Pos;616034;;65;1;3;650;;6;6;920CA0012SAA000;1;Sechskantmutter;M12;1;0;1;1;1;58564;2022;10,2;1;30;1;1;0,01;3230430;WASI;
...4;FA_Pos;616034;;66;1;3;660;;2;2;920AB0012SAA000;1;Sechskantmutter;M12;1;0;1;1;1;59353;2022;5,51;1;30;1;1;0,01;3130200;NORM;
...4;FA_Pos;616034;;67;1;3;670;;1;1;920CA0012SAA000;1;Sechskantmutter;M12;1;0;1;1;1;58564;2022;10,2;1;30;1;1;0,01;3230430;WASI;
..3;FA_Pos;616034;;68;0;1;680;;1;1;G-003-006-A2;0;Vorlage Grundplattenteile;32-200 / 90L;2;0;1;1;1;
...4;FA_Pos;616034;;69;68;3;690;;4;4;554GA0130SAA000;1;Unterlegscheibe;A13;1;0;1;1;1;57503;2021;2,77;1;30;1;1;0,01;3230430;WASI;
...4;FA_Pos;616034;;70;68;3;700;;2;2;554GA0130SAA000;1;Unterlegscheibe;A13;1;0;1;1;1;57503;2021;2,77;1;30;1;1;0,01;3230430;WASI;
...4;FA_Pos;616034;;71;68;3;710;;4;4;554FA0084SAA000;1;Unterlegscheibe;A8,4;1;0;1;1;1;46706;2017;0,47;1;30;1;1;0,01;3230430;WASI;
...4;FA_Pos;616034;;72;68;3;720;;4;4;554IA0170SAA000;1;Unterlegscheibe;A17;1;0;1;1;1;57946;2021;4,78;1;30;1;1;0,01;3230430;WASI;
...4;FA_Pos;616034;;73;68;1;730;;2;2;681I30141STA519;1;Kupplungsschutz;NE-Grße 1;2;0;1;1;1;
....5;FA_Pos;616034;;74;73;3;740;;2;4;681B30141STA019;1;Kupplungsschutz;NE-Grße 1;1;1;1;1;1;50427;2018;7,2;1;1;1;1;1;3100430;KNIGGE;
....5;FA_Pos;616034;;75;73;3;750;;4;8;901HB0008SAB016;1;Sechskantschraube;M8x16;1;0;1;1;1;57012;2021;5,05;1;30;1;1;0,01;3230430;WASI;
....5;FA_Pos;616034;;76;73;3;760;;4;8;554DG0084SAB000;1;Unterlegscheibe;Ø8,4;1;0;1;1;1;55884;2021;2,73;1;30;1;1;0,01;3230430;WASI;
....5;FA_Pos;616034;;77;73;3;770;;4;8;554AL0082PAM016;1;Nob-Unverlierbarkeitsscheibe;;1;0;1;1;1;
...4;FA_Pos;616034;;78;68;3;780;;1;1;810A30440STA119;1;Motorplatte;Motor 90L; 100L; 112M;2;0;1;1;1;
....5;FA_Serie;810A30440STA119;620391;;;;1;0;1.;1;
.....6;FA_Pos;620391;;1;0;3;10;;1;1;EPL300X290X10;1;Platte;300X290X10mm;1;1;1;1;1;54840;2020;6;1;1;1;1;1;3230820;WASSERMANN;
...4;FA_Pos;616034;;79;68;3;790;;1;1;890L30031GGB019;1;Grundplatte;Grße 3;1;1;1;1;1;54758;2020;185,56;1;1;1;1;1;4170080;SAPAL;
...4;FA_Pos;616034;;80;68;3;800;;4;4;901FB0012SAA030;1;Sechskantschraube;M12x30;1;0;1;1;1;55804;2020;11,05;1;30;1;1;0,01;3230430;WASI;
...4;FA_Pos;616034;;81;68;3;810;;2;2;901IB0012SAA025;1;Sechskantschraube;M12x25;1;0;1;1;1;57837;2021;16,99;1;30;1;1;0,01;3160010;REYHER;
...4;FA_Pos;616034;;82;68;3;820;;4;4;901LB0008SAA025;1;Sechskantschraube;M8x25;1;0;1;1;1;55526;2020;6,1;1;30;1;1;0,01;3220150;VVE;
...4;FA_Pos;616034;;83;68;3;830;;4;4;909BA0016SAA110;1;Gewindebolzen;M16x110;1;1;1;1;1;50793;2018;125;1;30;1;1;0,01;3040790;DSK;
...4;FA_Pos;616034;;84;68;3;840;;4;4;920AA0016SAA000;1;Sechskantmutter;M16;1;0;1;1;1;59065;2022;15,8;1;1;1;1;0,01;3160010;REYHER;
...4;FA_Pos;616034;;85;68;3;850;;4;4;920AA0016SAA000;1;Sechskantmutter;M16;1;0;1;1;1;59065;2022;15,8;1;1;1;1;0,01;3160010;REYHER;
...4;FA_Pos;616034;;86;68;3;860;;4;4;920KB0016SAA000;1;Sechskantmutter;M16;1;0;1;1;1;54223;2020;7,05;1;30;1;1;0,01;3230430;WASI;
..3;FA_Pos;616034;;87;0;1;870;;1;1;K-H05-2424-A-01;0;Vorlage Kupplungsteile;Flender o. gleichw.;2;0;1;1;1;
...4;FA_Pos;616034;;88;87;1;880;;1;1;840IH2424GGB005;1;Kupplung;z.B.Rathi;2;0;1;1;1;
....5;FA_Pos;616034;;89;88;3;890;;1;1;860EH0182GGB124;1;Paketteil;z.B.Rathi;1;0;1;1;1;46350;2016;7,75;1;1;1;1;1;3160120;RATHI D;
....5;FA_Pos;616034;;90;88;3;900;;1;1;860CH0304GGB124;1;Flanschteil;z.B.Rathi;1;0;1;1;1;53408;2019;10,15;1;1;1;1;1;3160120;RATHI D;
....5;FA_Pos;616034;;91;88;3;910;;1;1;860HH0505GGB000;1;Zwischenhlse;z.B.Rathi;1;0;1;1;1;54497;2020;17,38;1;1;1;1;1;3160120;RATHI D;
....5;FA_Pos;616034;;92;88;3;920;;1;1;860GH0404GGB000;1;Klauenteil;z.B.Rathi;1;0;1;1;1;54788;2020;6,74;1;1;1;1;1;3160120;RATHI D;
..3;FA_Pos;616034;;93;0;3;970;;1;1;970H31036SXB069;1;Typenschild Pumpen;alle Typen;1;0;1;1;1;50229;2018;110,5;1;30;1;1;0,01;3150040;PINTER;
..3;FA_Pos;616034;;94;0;1;925;;1;1;V-N-03-02-01;0;Vorlage Verankerungsteile;Gampper D75;2;0;1;1;1;
...4;FA_Pos;616034;;95;94;3;930;;8;8;554IA0170SAA000;1;Unterlegscheibe;A17;1;0;1;1;1;57946;2021;4,78;1;30;1;1;0,01;3230430;WASI;
...4;FA_Pos;616034;;96;94;3;940;;4;4;909K31240SAA019;1;Stellschraube;M16x150;1;0;1;1;1;51404;2019;350;1;30;1;1;0,01;3070400;GAMPPER;
...4;FA_Pos;616034;;97;94;3;950;;8;8;920AA0016SAA000;1;Sechskantmutter;M16;1;0;1;1;1;59065;2022;15,8;1;1;1;1;0,01;3160010;REYHER;
...4;FA_Pos;616034;;98;94;3;960;;4;4;980GE0001SXB000;1;Nivellierelement;D75;1;0;1;1;1;54196;2020;6,82;1;1;1;1;1;3070400;GAMPPER;
.2;FA_Komm;142567;616163;;;;2;2;1.;1;
..3;FA_Pos;616163;;1;0;3;10;;1;1;233H23538PERN03;1;Linkslaufrad, halboffen;32+40+50-200;2;0;1;1;1;
...4;FA_Serie;233H23538PERN03;617271;;;;1;0;1.;1;
....5;FA_Pos;617271;;1;0;3;10;;1;1;233D23538PERF03;1;Linkslaufrad, halboffen;32+40+50-200;4;1;1;1;1;
.....6;Teil;233D23538PERF03;;;;;10;;1;1;544C30439NKM019;1;Gewindebuchse;Grße 1;1;0;1;1;1;53670;2019;8,89;1;1;1;1;1;3170610;SIPS;
1;KA_Pos;142567;;3;;;3;;1;1;800EK2201090010;1;Motor;;1;0;1;1;1;58320;2022;183;1;1;1;1;1;3230420;WEG;
1;KA_Pos;142567;;4;;;4;;1;1;800EK2201090020;1;Motor;;1;0;1;1;1;
